76206522

44 9566921
12 2690467
56 4790943
33 1277100
37 9572231
40 9140911
78 2968947
73 7563356
19 3049994
42 7456090
39 5720696
47 1581178
53 4083695
17 9667226
93 1838094
41 3212868
80 9886913
79 1641892
93 1446046
61 6024052
18 7286151
79 5707881
85 7912440
34 2241337
81 8562415
24 5204424
48 3179312
32 5113366
54 8755981
45 7265205
97 2310070
99 2957571
93 1847219
2 2429446
22 4796458
86 1449167
55 3198319
95 7719429
75 2889893
57 9234914
21 1869480
81 5823559
52 3709477
7 2991091
73 1454848
66 9571684
8 5936181
14 5637963
39 1611091
83 1071266
74 6555140
86 4823621
15 6143264
85 1546836
61 7827634
60 8589064
4 4466309
73 2989249
76 4930038
88 6615336
36 6844041
31 1391531
88 7076740
28 9979516
76 6827706
